5.0
4.0
4.0
4.3
4.3
9.3
4.3
6.8
6.8
6.8
6.8
6.8
6.8
4.3
6.8
6.8
6.8
9.3
4.3
9.3
5.0
6.8
6.8
9.0
6.8
6.8
6.8
9.3
5.0
6.8
9.3
6.8
6.8
9.3
6.8
9.3
9.3
6.8
9.3
9.3
9.3
9.3
9.3
4.3
9.3
9.3
9.3
6.8
9.3
7.5
7.5
7.5
9.3
9.3
10.0
10.0
10.0
10.0
7.5
7.8
4.0
9.3
6.8
5.0
7.5
6.8
9.3
9.3
6.8
9.3
4.3
9.3
9.3
9.3
9.3
9.3
9.3
9.3
7.5
7.5
7.5
6.8
7.5
7.5
7.5
7.5
9.3
6.8
9.3
9.3
9.3
6.8
6.8
5.0
9.3
5.8
6.8
9.3
5.8
6.8
6.8
6.8
4.3
6.8
6.8
6.8
9.3
6.8
9.3
9.3
7.5
6.8
6.8
9.3
5.8
7.2
4.3
4.3
6.8
7.2
9.3
4.9
9.3
9.3
6.8
6.8
9.3
6.8
6.8
6.8
9.3
9.3
4.3
7.2
5.8
5.8
5.0
9.3
9.3
9.3
5.8
9.3
10.0
6.8
6.8
6.8
7.2
5.8
10.0
7.2
6.8
5.0
6.8
4.9
7.2
7.2
7.5
7.5
7.2
5.0
4.9
7.2
6.8
6.8
6.8
6.8
6.8
6.8
6.8
6.8
6.8
4.6
9.3
8.5
9.3
9.3
9.3
9.3
9.3
9.3
9.3
9.3
9.3
5.0
9.3
9.3
9.3
10.0
10.0
9.3
9.3
9.3
9.3
9.3
9.3
9.3
9.3
9.3
7.2
7.2
7.2
7.2
7.2
8.3
8.3
5.8
2.6
5.0
7.5
6.8
5.0
10.0
9.3
9.3
6.8
7.2
7.2
6.8
6.8
9.3
6.8
6.8
6.8
6.8
6.8
6.8
4.3
4.3
4.3
4.3
6.8
6.8
9.3
6.8
9.3
6.8
6.8
6.8
6.8
6.8
6.8
6.8
6.8
10.0
7.2
7.2
9.3
7.5
7.2
9.3
4.3
7.2
7.2
9.3
9.3
9.3
7.2
5.0
6.8
4.3
6.8
7.1
7.5
7.5
7.5
5.0
7.5
7.5
